{
  "tests": [
    {
      "name": "01",
      "setup": "make soal-02",
      "run": "./soal-02",
      "input": "2 2 1",
      "output": "2 1\r\n1 3",
      "comparison": "included",
      "timeout": 3,
      "points": 10
    },
    {
      "name": "02",
      "setup": "",
      "run": "./soal-02",
      "input": "3 4 5",
      "output": "4 3 2\r\n3 9 8\r\n2 8 14",
      "comparison": "included",
      "timeout": 3,
      "points": 10
    },
    {
      "name": "03",
      "setup": "",
      "run": "./soal-02",
      "input": "4 2 2",
      "output": "2 1 0 -1\r\n1 4 3 2\r\n0 3 6 5\r\n-1 2 5 8",
      "comparison": "included",
      "timeout": 3,
      "points": 10
    },
    {
      "name": "04",
      "setup": "",
      "run": "./soal-02",
      "input": "6 5 2",
      "output": "5 4 3 2 1 0\r\n4 7 6 5 4 3\r\n3 6 9 8 7 6\r\n2 5 8 11 10 9\r\n1 4 7 10 13 12\r\n0 3 6 9 12 15",
      "comparison": "included",
      "timeout": 3,
      "points": 10
    },
    {
      "name": "05",
      "setup": "",
      "run": "./soal-02",
      "input": "10 2 1",
      "output": "2 1 0 -1 -2 -3 -4 -5 -6 -7\r\n1 3 2 1 0 -1 -2 -3 -4 -5\r\n0 2 4 3 2 1 0 -1 -2 -3\r\n-1 1 3 5 4 3 2 1 0 -1\r\n-2 0 2 4 6 5 4 3 2 1\r\n-3 -1 1 3 5 7 6 5 4 3\r\n-4 -2 0 2 4 6 8 7 6 5\r\n-5 -3 -1 1 3 5 7 9 8 7\r\n-6 -4 -2 0 2 4 6 8 10 9\r\n-7 -5 -3 -1 1 3 5 7 9 11",
      "comparison": "included",
      "timeout": 3,
      "points": 10
    },
    {
      "name": "06",
      "setup": "",
      "run": "./soal-02",
      "input": "5 10 5",
      "output": "10 9 8 7 6\r\n9 15 14 13 12\r\n8 14 20 19 18\r\n7 13 19 25 24\r\n6 12 18 24 30",
      "comparison": "included",
      "timeout": 3,
      "points": 10
    },
    {
      "name": "07",
      "setup": "",
      "run": "./soal-02",
      "input": "7 8 9",
      "output": "8 7 6 5 4 3 2\r\n7 17 16 15 14 13 12\r\n6 16 26 25 24 23 22\r\n5 15 25 35 34 33 32\r\n4 14 24 34 44 43 42\r\n3 13 23 33 43 53 52\r\n2 12 22 32 42 52 62",
      "comparison": "included",
      "timeout": 3,
      "points": 10
    },
    {
      "name": "08",
      "setup": "",
      "run": "./soal-02",
      "input": "9 7 2",
      "output": "7 6 5 4 3 2 1 0 -1\r\n6 9 8 7 6 5 4 3 2\r\n5 8 11 10 9 8 7 6 5\r\n4 7 10 13 12 11 10 9 8\r\n3 6 9 12 15 14 13 12 11\r\n2 5 8 11 14 17 16 15 14\r\n1 4 7 10 13 16 19 18 17\r\n0 3 6 9 12 15 18 21 20\r\n-1 2 5 8 11 14 17 20 23",
      "comparison": "included",
      "timeout": 3,
      "points": 10
    },
    {
      "name": "09",
      "setup": "",
      "run": "./soal-02",
      "input": "12 10 19",
      "output": "10 9 8 7 6 5 4 3 2 1 0 -1\r\n9 29 28 27 26 25 24 23 22 21 20 19\r\n8 28 48 47 46 45 44 43 42 41 40 39\r\n7 27 47 67 66 65 64 63 62 61 60 59\r\n6 26 46 66 86 85 84 83 82 81 80 79\r\n5 25 45 65 85 105 104 103 102 101 100 99\r\n4 24 44 64 84 104 124 123 122 121 120 119\r\n3 23 43 63 83 103 123 143 142 141 140 139\r\n2 22 42 62 82 102 122 142 162 161 160 159\r\n1 21 41 61 81 101 121 141 161 181 180 179\r\n0 20 40 60 80 100 120 140 160 180 200 199\r\n-1 19 39 59 79 99 119 139 159 179 199 219",
      "comparison": "included",
      "timeout": 3,
      "points": 10
    },
    {
      "name": "10",
      "setup": "",
      "run": "./soal-02",
      "input": "20 20 20",
      "output": "20 19 18 17 16 15 14 13 12 11 10 9 8 7 6 5 4 3 2 1\r\n19 40 39 38 37 36 35 34 33 32 31 30 29 28 27 26 25 24 23 22\r\n18 39 60 59 58 57 56 55 54 53 52 51 50 49 48 47 46 45 44 43\r\n17 38 59 80 79 78 77 76 75 74 73 72 71 70 69 68 67 66 65 64\r\n16 37 58 79 100 99 98 97 96 95 94 93 92 91 90 89 88 87 86 85\r\n15 36 57 78 99 120 119 118 117 116 115 114 113 112 111 110 109 108 107 106\r\n14 35 56 77 98 119 140 139 138 137 136 135 134 133 132 131 130 129 128 127\r\n13 34 55 76 97 118 139 160 159 158 157 156 155 154 153 152 151 150 149 148\r\n12 33 54 75 96 117 138 159 180 179 178 177 176 175 174 173 172 171 170 169\r\n11 32 53 74 95 116 137 158 179 200 199 198 197 196 195 194 193 192 191 190\r\n10 31 52 73 94 115 136 157 178 199 220 219 218 217 216 215 214 213 212 211\r\n9 30 51 72 93 114 135 156 177 198 219 240 239 238 237 236 235 234 233 232\r\n8 29 50 71 92 113 134 155 176 197 218 239 260 259 258 257 256 255 254 253\r\n7 28 49 70 91 112 133 154 175 196 217 238 259 280 279 278 277 276 275 274\r\n6 27 48 69 90 111 132 153 174 195 216 237 258 279 300 299 298 297 296 295\r\n5 26 47 68 89 110 131 152 173 194 215 236 257 278 299 320 319 318 317 316\r\n4 25 46 67 88 109 130 151 172 193 214 235 256 277 298 319 340 339 338 337\r\n3 24 45 66 87 108 129 150 171 192 213 234 255 276 297 318 339 360 359 358\r\n2 23 44 65 86 107 128 149 170 191 212 233 254 275 296 317 338 359 380 379\r\n1 22 43 64 85 106 127 148 169 190 211 232 253 274 295 316 337 358 379 400",
      "comparison": "included",
      "timeout": 3,
      "points": 10
    }
  ]
}